39,5
39,4
39,3
39,2
39,1
39,0
38,5
38,4
38,3
38,2
38,1
38,0
37,4
37,3
37,2
37,1
37,0
36,5
36,4
36,3
36,2
36,1
36,0
35,4
35,3
35,2
35,1
35,0
0,398
34,4
34,3
34,2
34,1
34,0
0,397
0,396
0,395
0,394
0,393
0,392
0,391
0,390
0,389
0,388
0,387
0,386
0,385
0,384
0,319
0,278
0,9
0,318
0,317
0,316
0,243
33,49
33,48
33,47
33,46
33,45
33,44
33,43
33,42
33,41
33,40
33,39
33,38
33,37
33,36
33,35
0,273
0,270
3,2
10,178
10,234
10,98
10,262
10,112
10,286
10,2
10,3
11,8
11,24
11,13
9,2
9,3
8,15
8,17
8,6
8,4
8,12
