<<<<<<< HEAD
3,1
3,3
10,259
10,277
10,23
10,315
10,133
10,137
10,231
11,14
11,19
11,17
11,6
11,11
11,18
11,2
11,3
9,7
8,13
8,5
8,12
8,10
29,5
29,4
29,3
29,2
29,1
29,0
28,5
28,4
28,3
28,2
28,1
28,0
27,4
27,3
27,2
27,1
27,0
26,5
26,4
26,3
26,2
26,1
26,0
25,4
25,3
25,2
25,1
25,0
24,4
24,3
24,2
24,1
=======
54,49
54,48
54,47
54,46
54,45
54,44
54,43
54,42
54,41
54,40
54,39
54,38
54,37
54,36
54,35
3,2
10,252
10,270
10,112
10,150
10,16
10,218
10,282
10,308
10,2
10,3
11,5
11,20
11,8
11,29
11,6
11,7
9,6
9,4
9,2
9,3
8,6
8,16
8,8
8,4
8,14
8,10
8,12
8,7
8,2
8,3
52,5
52,4
52,3
52,2
52,1
52,0
51,5
51,4
51,3
51,2
51,1
51,0
50,4
50,3
50,2
50,1
50,0
49,5
49,4
49,3
49,2
49,1
49,0
48,4
48,3
48,2
48,1
48,0
47,4
47,1
47,3
47,2
>>>>>>> 3c88fd37b20778aa839f6a715865038bcb48ab3b
20,3
20,2
20,1
19,3
<<<<<<< HEAD
19,2
19,1
12,3
12,2
18,1
12,1
18,3
11,30
11,27
11,26
11,25
11,24
11,23
11,20
11,16
11,9
=======
>>>>>>> 3c88fd37b20778aa839f6a715865038bcb48ab3b
